function dydt=compostingIC(t,y);

C=y(1);	
P=y(2);
L=y(3);
H=y(4);
CE=y(5);
LG=y(6);
Xi=y(7);
Sc=y(8);	
Sp=y(9);
Sl=y(10);
Sh=y(11);
Slg=y(12);
Xmb=y(13);
Xtb=y(14);
Xma=y(15);
Xta=y(16);
Xmf=y(17);
Xtf=y(18);
Xdb=y(19);
CO2=y(20);
W=y(21);  
T=y(22);
CH4gen=y(23);
CH4oxi=y(24);
CH4=y(25);
Xa = y(26);
NO3 = y(27);
N2O =y(28);
N2 = y(29);
NH3 = y(30);
NH4 = y(31);
Wvap = y(32);
O2diss = y(33);
O2gaz = y(34);
O2cons = y(35);
O2out = y(36);
NH3gaz = y(37);

%Choice of formula
%if biowaste/WC = 3/1 -> BD = 599 kg/m3 (bulk density) and FAS = 0.4 (free air space)
%if biowaste/WC = 8/1 -> BD = 750 kg/m3 (bulk density) and FAS = 0.21 (free air space)

BD = 750; %m3
FAS =  0.21 ;


rhoair = 1.2; %kg/m3
Vtotal = (((3*1.5)/2)*6)/100000; %Un andain de 3m de larg, 1.5m de H, 6m de L %(0.80*0.80*1)/10000; %/100000; %
TM= Vtotal * BD;

%Choice of Ambient temperature
%if Ta = 25°C -> Ta = 298K
%if Ta = 5°C -> Ta = 280K
Ta = 298; %K

%Choice of aeration technology
%Passive aeration aer = 0.08 l/mn.kg
%Turning heaps aer = 0.08 l/mn.kg
%active aeration aer = 0.3 l/mn.kg

air = 0.3; %l/mn.kg

kh=[0.0293    0.1508    1.4563e-07    0.0053    0.1731    0.0182    0.0090 0.0070    0.0068    0.0090    0.0070    0.0068];

mu = [0.2 0.18 0.1 0.12 0.1 0.1 0.03];

bd = [0.03 0.02 0.01 0.015 0.01 0.01 0.0083];

K=[6.2e-5 1e-4 0.31 0.0025 0.007e-6 0.0608e-5];

KT = [440 1 2 0.09 10];

Yx_s= 0.35; %biomass yield on substrate kgX/kgS

Yx_co2 = [0.445717506 0.26543624	0.165284084	0.445717506	0.26543624	0.165284084	0.445717506	0.26543624	0.165284084	0.139609659	0.445717506	0.26543624	0.165284084	0.139609659	0.41509283	0.254264706	0.160882526	0.136456284	0.19653097	0.41509283	0.254264706	0.160882526	0.136456284	0.19653097
]; %Yield coeff of biomass on CO2 kgX/kgCO2

Yx_h = [0.716485507	1.791988467	0.380836347	0.716485507	1.791988467	0.380836347	0.716485507	1.791988467	0.380836347	...
    0.329440099	0.716485507	1.791988467	0.380836347	0.329440099	0.830451489	2.728498673	0.410802056	0.351627849	...
    0.625936213	0.830451489	2.728498673	0.410802056	0.351627849	0.625936213]; %Yield coeff of biomass on H2O kgX/kgH2O

Yx_O2mol = [0.173553719	0.098678414	0.044403196	0.173553719	0.098678414	0.044403196	0.173553719	0.098678414	0.044403196	0.054361283	0.173553719	0.098678414	0.044403196	0.054361283	0.07678245	0.044286279	0.019267472	0.024607076	0.027217967	0.07678245	0.044286279	0.019267472	0.024607076	0.027217967];
%yield coeff biomass on O2 molX/molO2

Yx_o2 = [0.61286157	0.34845815	0.156798785	0.61286157	0.34845815	0.156798785	0.61286157	0.34845815	0.156798785	0.191963281	0.61286157	0.34845815	0.156798785	0.191963281	0.592664534	0.341834717	0.148720799	0.189935871	0.210088681	0.592664534	0.341834717	0.148720799	0.189935871	0.210088681	0.040522541
]; %Yield coeff biomass on O2 kgX/kgO2

Yxa_no3 = 0.0390553; %Yield coeff of autotroph biomass on NO3 kgXa/kgNO3

Yxa_nh4 = 0.13; %Yield coeff of autotroph biomass on NO3 kgXa/kgNH4

Yx_nh4 = [6.64705882352941	2.490625447	6.647058824	6.64705882352941	2.490625447	6.647058824	0.705882353	2.490625447	6.647058824	6.647058824	0.705882353	2.490625447	6.647058824	6.647058824	14.52941176	2.069869946	14.52941176	14.52941176	14.52941176	14.52941176	2.069869946	14.52941176	14.52941176	14.52941176
]; %Yield coeff of heterotrophic biomass on NH3 kgX/kgNH3


Ks = K(1); %substrate saturation for monod kinetics (kgSc/dm3W)
Khs = K(2); %saturation coefficient for contois kinetics 
fi = K(3); %Proportion of dead biomass recycled to inert materials
kdec = K(4); %microorganisms decomposition constant
kO2=K(5); %oxygen saturation for heterotrophic activities (kgO2/l)
kO2nit = K(6); %oxygen saturation for nitrification (kgO2/l)


Vgas = FAS*Vtotal;

R = 8.134; %Pa.m3/mol.K

%Methane module parameters
Ych4_Sc = 0.267; %kgCH4/kgSC
Ych4_Sp = 0.375 ; %kgCH4/kgSp
Ych4_Sl = 0.707; %kgCH4/kgSl
Ych4_Sh = 0.284 ; %kgCH4/kgSh
Ych4_Slg = 0.535 ; %kgCH4/kgSlg
eta = 4e5; %; %L/mol %sensitivity of methangogenesis to inhibition by oxygen
Vmax = 5.35e-4; %kgCH4/kgTM.h maximum rate of methane oxidation
km = 0.72 ; %kg/l Michaelis constant for methane oxidation
Kch4_O2 = 0.033; %mol/l Michelis constant for oxygen in methane oxidation



hbio = KT(1); %heat released per mol of oxygen consumed(kJ/mol d'O2)
Ca = KT(2); %specific heat of dry air (kJ/K.kg)
Cw = KT(3); %specific heat of biowaste(kJ/K.kg)
U = KT(4); %heat transfer coefficient of wall (kJ/m2.K.h) %%valeur dans de Guardia 2012 : 7W/m2.C = 0.09 kJ/m2.h.K
A = KT (5)/100; %surface area of heat conduction (m2) (0.8*1*4)/1000 ; %

Qair  =  air*1e-3*TM*rhoair*60; %kg/h %  %passive 0.00396*TM /0.4;%

%hydrolysis constant
kh1C = kh(1); 	
kh2P = kh(2)*0.5;
kh3L = kh(3); 	
kh4C = kh(4);	
kh5P = kh(5)*0.5;	
kh6L = kh(6); 
kh7H = kh(7);	
kh8CE = kh(8);	
kh9LG = kh(9);	
kh10H = kh(10);	
kh11CE = kh(11);	
kh12LG = kh(12);

%growth rate
mmb = mu(1);
mtb = mu(2);
mma = mu(3);
mta = mu(4);
mmf = mu(5);
mtf = mu(6);
ma = mu(7)*0.1; 

%death rate
bmb = bd(1)*0.4;
btb = bd(2)*0.4;
bma = bd(3)*1;
bta = bd(4)*1;
bmf = bd(5)*1;
btf = bd(6)*1;
ba = bd(7); 

%Inverse of yield of biomass on CO2
Ymb_c_c = 1/Yx_co2(1) ; %MB on Sc
Ymb_p_c = 1/Yx_co2(2) ; %MB on Sp
Ymb_l_c = 1/Yx_co2(3) ; %MB on Sl
Ytb_c_c = 1/Yx_co2(4) ; %TB on Sc
Ytb_p_c = 1/Yx_co2(5) ; %TB on Sp
Ytb_l_c = 1/Yx_co2(6) ; %TB on Sl
Yma_c_c = 1/Yx_co2(7) ; %MA on Sc
Yma_p_c = 1/Yx_co2(8) ; %MA on Sp
Yma_l_c = 1/Yx_co2(9) ; %MA on Sl
Yma_h_c = 1/Yx_co2(10) ; %MA on Sh
Yta_c_c = 1/Yx_co2(11) ; %TA on Sc
Yta_p_c = 1/Yx_co2(12) ; %TA on Sp
Yta_l_c = 1/Yx_co2(13) ; %TA on Sl
Yta_h_c = 1/Yx_co2(14) ; %TA on Sh
Ymf_c_c = 1/Yx_co2(15) ; %MF on Sc
Ymf_p_c = 1/Yx_co2(16) ; %MF on Sp
Ymf_l_c = 1/Yx_co2(17) ; %MF on Sl
Ymf_h_c = 1/Yx_co2(18) ; %MF on Sh
Ymf_lg_c = 1/Yx_co2(19) ; %MF on Slg
Ytf_c_c = 1/Yx_co2(20) ; %TF on Sc
Ytf_p_c = 1/Yx_co2(21) ; %TF onSp
Ytf_l_c = 1/Yx_co2(22) ; %TF on Sl
Ytf_h_c = 1/Yx_co2(23) ; %TF on Sh
Ytf_lg_c = 1/Yx_co2(24) ; %TF on Slg

%Inverse of yield of biomass on H2O
Ymb_c_h = 1/Yx_h(1) ; %MB on Sc
Ymb_p_h = 1/Yx_h(2) ; %MB on Sp
Ymb_l_h = 1/Yx_h(3) ; %MB on Sl
Ytb_c_h = 1/Yx_h(4) ; %TB on Sc
Ytb_p_h = 1/Yx_h(5) ; %TB on Sp
Ytb_l_h = 1/Yx_h(6) ; %TB on Sl
Yma_c_h = 1/Yx_h(7) ; %MA on Sc
Yma_p_h = 1/Yx_h(8) ; %MA on Sp
Yma_l_h = 1/Yx_h(9) ; %MA on Sl
Yma_h_h = 1/Yx_h(10) ; %MA on Sh
Yta_c_h = 1/Yx_h(11) ; %TA on Sc
Yta_p_h = 1/Yx_h(12) ; %TA on Sp
Yta_l_h = 1/Yx_h(13) ; %TA on Sl
Yta_h_h = 1/Yx_h(14) ; %TA on Sh
Ymf_c_h = 1/Yx_h(15) ; %MF on Sc
Ymf_p_h = 1/Yx_h(16) ; %MF on Sp
Ymf_l_h = 1/Yx_h(17) ; %MF on Sl
Ymf_h_h = 1/Yx_h(18) ; %MF on Sh
Ymf_lg_h = 1/Yx_h(19) ; %MF on Slg
Ytf_c_h = 1/Yx_h(20) ; %TF on Sc
Ytf_p_h = 1/Yx_h(21) ; %TF onSp
Ytf_l_h = 1/Yx_h(22) ; %TF on Sl
Ytf_h_h = 1/Yx_h(23) ; %TF on Sh
Ytf_lg_h = 1/Yx_h(24) ; %TF on Slg

%Inverse of yield of biomass on O2
Ymb_c_o2 = 1/Yx_o2(1) ; %MB on Sc
Ymb_p_o2 = 1/Yx_o2(2) ; %MB on Sp
Ymb_l_o2 = 1/Yx_o2(3) ; %MB on Sl
Ytb_c_o2 = 1/Yx_o2(4) ; %TB on Sc
Ytb_p_o2 = 1/Yx_o2(5) ; %TB on Sp
Ytb_l_o2 = 1/Yx_o2(6) ; %TB on Sl
Yma_c_o2 = 1/Yx_o2(7) ; %MA on Sc
Yma_p_o2 = 1/Yx_o2(8) ; %MA on Sp
Yma_l_o2 = 1/Yx_o2(9) ; %MA on Sl
Yma_h_o2 = 1/Yx_o2(10) ; %MA on Sh
Yta_c_o2 = 1/Yx_o2(11) ; %TA on Sc
Yta_p_o2 = 1/Yx_o2(12) ; %TA on Sp
Yta_l_o2 = 1/Yx_o2(13) ; %TA on Sl
Yta_h_o2 = 1/Yx_o2(14) ; %TA on Sh
Ymf_c_o2 = 1/Yx_o2(15) ; %MF on Sc
Ymf_p_o2 = 1/Yx_o2(16) ; %MF on Sp
Ymf_l_o2 = 1/Yx_o2(17) ; %MF on Sl
Ymf_h_o2 = 1/Yx_o2(18) ; %MF on Sh
Ymf_lg_o2 = 1/Yx_o2(19) ; %MF on Slg
Ytf_c_o2 = 1/Yx_o2(20) ; %TF on Sc
Ytf_p_o2 = 1/Yx_o2(21) ; %TF onSp
Ytf_l_o2 = 1/Yx_o2(22) ; %TF on Sl
Ytf_h_o2 = 1/Yx_o2(23) ; %TF on Sh
Ytf_lg_o2 = 1/Yx_o2(24) ; %TF on Slg
Yxa_o2 = 1/Yx_o2(25) ; %Xa on NH4

%Inverse of yield of biomass on NH4
Ymb_c_nh4 = 1/Yx_nh4(1) ; %MB on Sc
Ymb_p_nh4 = 1/Yx_nh4(2) ; %MB on Sp
Ymb_l_nh4 = 1/Yx_nh4(3) ; %MB on Sl
Ytb_c_nh4 = 1/Yx_nh4(4) ; %TB on Sc
Ytb_p_nh4 = 1/Yx_nh4(5) ; %TB on Sp
Ytb_l_nh4 = 1/Yx_nh4(6) ; %TB on Sl
Yma_c_nh4 = 1/Yx_nh4(7) ; %MA on Sc
Yma_p_nh4 = 1/Yx_nh4(8) ; %MA on Sp
